$ 1 0.000005 0.04168620196785084 51 5 43 5e-11
R -128 288 -128 208 0 1 10000 5 0 0 0.5
g -128 112 -128 160 0 0
r -128 112 16 112 0 16000
r -128 288 16 288 0 16000
409 16 192 176 192 1 0.6 -14.546747090398592 0.0231 0
w 16 112 16 176 0
w 16 208 16 288 0
w 16 112 16 64 0
w 16 288 16 336 0
r 16 64 336 64 0 1000
r 16 336 336 336 0 1000
400 224 192 272 192 1 0\s-1\s15.174409479463577\s5.808091704476523\s100\sdefault 0\s-1\s9.366317774987053\s-0.25451475966389125\s100\sdefault -1
c 144 112 224 112 0 1e-7 12 0.001
c 160 272 240 272 0 1e-7 -12 0.001
R 96 112 48 112 0 0 40 12 0 0 0.5
R 96 272 48 272 0 0 40 -12 0 0 0.5
w 96 160 96 112 0
w 96 224 96 272 0
g 224 112 272 112 0 0
g 240 272 272 272 0 0
r 176 192 224 192 0 10
R 272 208 304 240 0 0 40 -12 0 0 0.5
r 336 176 336 64 0 1
w 336 176 272 176 0
w 336 176 336 336 0
r 96 112 144 112 0 1
r 96 272 160 272 0 1
g 384 144 384 192 0 0
w 384 64 336 64 0
p 384 64 384 144 1 0 0
o 29 1 0 x81012 10 0.1 0 1 2 48
